Alanine,Ala,A,0,1,0,1,0,1,0,1,1,0,0,1,0,1,0,1,0,1,1.8
Arginine,Arg,R,1,0,0,1,1,0,0,1,0,1,0,1,0,1,0,1,0,1,-4.5
Asparagine,Asn,N,1,0,0,1,0,1,0,1,0,1,0,1,0,1,0,1,0,1,-3.5
Aspartic acid,Asp,D,1,0,1,0,0,1,0,1,0,1,0,1,0,1,0,1,0,1,-3.5
Cysteine,Cys,C,0,1,0,1,0,1,0,1,0,1,1,0,0,1,0,1,0,1,2.5
Glutamic acid,Glu,E,1,0,1,0,0,1,0,1,0,1,0,1,0,1,0,1,0,1,-3.5
Glutamine,Gln,Q,1,0,0,1,0,1,0,1,0,1,0,1,0,1,0,1,0,1,-3.5
Glycine,Gly,G,0,1,0,1,0,1,0,1,1,0,0,1,0,1,1,0,0,1,-0.4
Histidine,His,H,1,0,0,1,1,0,1,0,0,1,0,1,0,1,0,1,0,1,-3.2
Isoleucine,Ile,I,0,1,0,1,0,1,0,1,1,0,0,1,0,1,0,1,0,1,4.5
Leucine,Leu,L,0,1,0,1,0,1,0,1,1,0,0,1,0,1,0,1,0,1,3.8
Lysine,Lys,K,1,0,0,1,1,0,0,1,0,1,0,1,0,1,0,1,0,1,-3.9
Methionine,Met,M,0,1,0,1,0,1,0,1,1,0,1,0,0,1,0,1,0,1,1.9
Phenylalanine,Phe,F,0,1,0,1,0,1,1,0,0,1,0,1,0,1,0,1,0,1,2.8
Proline,Pro,P,0,1,0,1,0,1,0,1,0,1,0,1,0,1,0,1,1,0,-1.6
Serine,Ser,S,1,0,0,1,0,1,0,1,0,1,0,1,1,0,0,1,0,1,-0.8
Threonine,Thr,T,1,0,0,1,0,1,0,1,0,1,0,1,1,0,0,1,0,1,-0.7
Tryptophan,Trp,W,0,1,0,1,0,1,1,0,0,1,0,1,0,1,0,1,0,1,-0.9
Tyrosine,Tyr,Y,1,0,0,1,0,1,1,0,0,1,0,1,0,1,0,1,0,1,-1.3
Valine,Val,V,0,1,0,1,0,1,0,1,1,0,0,1,0,1,0,1,0,1,4.2
